



% qici bianhuan juzhen

T = [ 0.6202  -0.6006  -0.5046   0.01156;
     -0.2934  -0.7742   0.5609   0.1255;
     -0.7275  -0.1998  -0.6563   0.1869;
      0        0        0        1     ];
