<?xml version="1.0" encoding="UTF-8" standalone="no" ?>
<SimscapeMultibodyImportXML version="2.0" xmlns="urn:mathworks:SimscapeMultibody:import" xmlns:xsi="http://www.w3.org/2001/XMLSchema-instance">
<Created by="" on="12/22/25||21:19:43" using="Simscape Multibody Link Version 7.4" from="SolidWorks 28.5.0"/>
<ModelUnits mass="kilogram" length="millimeter"/>
<DataUnits mass="kilogram" length="meter"/>
<RootAssembly name="SDHDummy" uid="SDHDummy" version="173">
<AssemblyFile name="SDHDummy.SLDASM" type="SolidWorks Assembly"/>
<InstanceTree>
<Instance name="J1.STEP-1" uid="J1.STEP-1" entityUid="J1.STEP" rigid="true">
<Transform>
<Rotation>-3.1710745140856089e-15 3.4914813388462754e-15 1.0000000000000002 1.0000000000000002 1.3869504796650927e-14 3.1710745140856038e-15 -1.3869504796650909e-14 1 -3.4914813388463184e-15</Rotation>
<Translation>-1.5713884186918659e-15 0.49999999999999994 -6.9396111294551753e-15</Translation>
</Transform>
<Instance name="Dummy-0001.STEP-1" uid="Dummy-0001.STEP-1" grounded="true" entityUid="Dummy-0001.STEP*:*默认">
<Transform>
<Rotation>1 0 0 0 1 0 0 0 1</Rotation>
<Translation>-0.5 0 0</Translation>
</Transform>
</Instance>
<Instance name="内六角螺丝 M3 x 14.STEP-1" uid="内六角螺丝 M3 x 14.STEP-1" grounded="true" entityUid="内六角螺丝 M3 x 14.STEP*:*默认">
<Transform>
<Rotation>0.86602540378443882 0.49999999999999989 0 0 0 -1.0000000000000002 -0.49999999999999989 0.86602540378443882 0</Rotation>
<Translation>-0.50475000000000025 -0.044499999999999991 -0.034999999999963019</Translation>
</Transform>
</Instance>
<Instance name="内六角螺丝 M3 x 14.STEP-2" uid="内六角螺丝 M3 x 14.STEP-2" grounded="true" entityUid="内六角螺丝 M3 x 14.STEP*:*默认">
<Transform>
<Rotation>0 0 0.99999999999999978 0.86602540378443271 0.5000000000000101 0 -0.5000000000000101 0.86602540378443271 0</Rotation>
<Translation>-0.52550000000000019 0 0.010250000000000004</Translation>
</Transform>
</Instance>
<Instance name="内六角螺丝 M3 x 14.STEP-11" uid="内六角螺丝 M3 x 14.STEP-11" grounded="true" entityUid="内六角螺丝 M3 x 14.STEP*:*默认">
<Transform>
<Rotation>0 0 1 6.9999999999999986e-15 -1 0 1 6.9999999999999986e-15 0</Rotation>
<Translation>-0.52550000000000008 -0.0088767603887909986 -0.0051250000000000019</Translation>
</Transform>
</Instance>
<Instance name="内六角螺丝 M3 x 14.STEP-3" uid="内六角螺丝 M3 x 14.STEP-3" grounded="true" entityUid="内六角螺丝 M3 x 14.STEP*:*默认">
<Transform>
<Rotation>-0.86602540378444337 -0.49999999999999223 0 0 0 -1 0.49999999999999223 -0.86602540378444337 0</Rotation>
<Translation>-0.52525000000000022 -0.044499999999999991 -0.035000000000037015</Translation>
</Transform>
</Instance>
<Instance name="内六角螺丝 M3 x 14.STEP-5" uid="内六角螺丝 M3 x 14.STEP-5" grounded="true" entityUid="内六角螺丝 M3 x 14.STEP*:*默认">
<Transform>
<Rotation>-6.9999999999999576e-15 -1 0 0 0 -1 1 -6.9999999999999576e-15 0</Rotation>
<Translation>-0.52012500000003214 -0.044499999999999991 -0.026123239611228012</Translation>
</Transform>
</Instance>
<Instance name="内六角螺丝 M3 x 14.STEP-7" uid="内六角螺丝 M3 x 14.STEP-7" grounded="true" entityUid="内六角螺丝 M3 x 14.STEP*:*默认">
<Transform>
<Rotation>0 1 0 0 0 -1 -1 0 0</Rotation>
<Translation>-0.50987499999996821 -0.044499999999999998 -0.043876760388772008</Translation>
</Transform>
</Instance>
<Instance name="内六角螺丝 M3 x 14.STEP-8" uid="内六角螺丝 M3 x 14.STEP-8" grounded="true" entityUid="内六角螺丝 M3 x 14.STEP*:*默认">
<Transform>
<Rotation>0 0 1 0 1 0 -1 0 0</Rotation>
<Translation>-0.52550000000000019 0.0088767603887899994 0.0051250000000000019</Translation>
</Transform>
</Instance>
<Instance name="内六角螺丝 M3 x 14.STEP-9" uid="内六角螺丝 M3 x 14.STEP-9" grounded="true" entityUid="内六角螺丝 M3 x 14.STEP*:*默认">
<Transform>
<Rotation>-0.86602540378443882 0.49999999999999989 0 0 0 -1.0000000000000002 -0.49999999999999989 -0.86602540378443882 0</Rotation>
<Translation>-0.5201249999999682 -0.044499999999999991 -0.043876760388809014</Translation>
</Transform>
</Instance>
<Instance name="内六角螺丝 M3 x 14.STEP-10" uid="内六角螺丝 M3 x 14.STEP-10" grounded="true" entityUid="内六角螺丝 M3 x 14.STEP*:*默认">
<Transform>
<Rotation>0 0 1 -0.86602540378443871 0.5 0 -0.50000000000000011 -0.86602540378443882 0</Rotation>
<Translation>-0.52550000000000008 0.0088767603887899994 -0.0051250000000000019</Translation>
</Transform>
</Instance>
<Instance name="内六角螺丝 M3 x 14.STEP-4" uid="内六角螺丝 M3 x 14.STEP-4" grounded="true" entityUid="内六角螺丝 M3 x 14.STEP*:*默认">
<Transform>
<Rotation>0.8660254037844386 -0.50000000000000033 0 0 0 -1.0000000000000002 0.50000000000000033 0.8660254037844386 0</Rotation>
<Translation>-0.50987500000003216 -0.044499999999999998 -0.026123239611191014</Translation>
</Transform>
</Instance>
<Instance name="内六角螺丝 M3 x 14.STEP-12" uid="内六角螺丝 M3 x 14.STEP-12" grounded="true" entityUid="内六角螺丝 M3 x 14.STEP*:*默认">
<Transform>
<Rotation>0 0 1 -0.86602540378443837 -0.50000000000000056 0 0.50000000000000056 -0.86602540378443826 0</Rotation>
<Translation>-0.52550000000000008 0 -0.010250000000000004</Translation>
</Transform>
</Instance>
<Instance name="内六角螺丝 M3 x 14.STEP-6" uid="内六角螺丝 M3 x 14.STEP-6" grounded="true" entityUid="内六角螺丝 M3 x 14.STEP*:*默认">
<Transform>
<Rotation>0 0 1 0.86602540378444315 -0.49999999999999228 0 0.49999999999999234 0.86602540378444304 0</Rotation>
<Translation>-0.52550000000000019 -0.0088767603887899994 0.0051250000000000019</Translation>
</Transform>
</Instance>
</Instance>
<Instance name="J2&amp;J3.STEP-1" uid="J2&amp;J3.STEP-1" entityUid="J2&amp;J3.STEP" rigid="true">
<Transform>
<Rotation>-3.1928825642366081e-15 -0.1335958786295314 0.99103589299944306 0.99999999999999989 1.3202251732479215e-14 5.0014828114083309e-15 -1.3752082825941573e-14 0.99103589299944317 0.13359587862953137</Rotation>
<Translation>0 0 0</Translation>
</Transform>
<Instance name="Dummy-0013.STEP-2" uid="Dummy-0013.STEP-2" grounded="true" entityUid="Dummy-0013.STEP*:*默认">
<Transform>
<Rotation>1 0 0 0 1 0 0 0 1</Rotation>
<Translation>0.0019999999999999992 0 0</Translation>
</Transform>
</Instance>
<Instance name="TB 同步带 GBN1302GT-60.STEP-2" uid="TB 同步带 GBN1302GT-60.STEP-2" grounded="true" entityUid="TB 同步带 GBN1302GT-60.STEP*:*默认">
<Transform>
<Rotation>0 0 -0.99999999999999978 1.0000000000000002 0 0 0 -1 0</Rotation>
<Translation>0.015399999999999997 0 0</Translation>
</Transform>
</Instance>
<Instance name="内六角螺丝 M4-16.STEP-1" uid="内六角螺丝 M4-16.STEP-1" grounded="true" entityUid="内六角螺丝 M4-16.STEP*:*默认">
<Transform>
<Rotation>-1 6.9999999999999946e-15 -1.0000000000000504e-15 7.0000000000000017e-15 1 -6.9944050551384759e-15 1.0000000000000015e-15 -6.994405055138483e-15 -1</Rotation>
<Translation>-0.019499999999998994 0.16367766952966403 0.017677669529663001</Translation>
</Transform>
</Instance>
<Instance name="Dummy-0036.STEP-2" uid="Dummy-0036.STEP-2" grounded="true" entityUid="Dummy-0036.STEP*:*默认">
<Transform>
<Rotation>9.9999999999999811e-16 1.000000000000002e-15 -0.99999999999999978 9.7144514654701197e-16 1.0000000000000002 1.0000000000000005e-15 1 -1.0269562977782698e-15 1.000000000000002e-15</Rotation>
<Translation>-0.034375000000000988 0.14600000000000005 1.9984014443252818e-15</Translation>
</Transform>
</Instance>
<Instance name="Dummy-0012（外壳）.STEP-1" uid="Dummy-0012（外壳）.STEP-1" grounded="true" entityUid="Dummy-0012（外壳）.STEP*:*默认">
<Transform>
<Rotation>-0.99999999999999978 0 9.9999999999999811e-16 0 -1.0000000000000002 0 1.000000000000002e-15 0 1</Rotation>
<Translation>-0.029999999999999992 0.14600000000000002 0</Translation>
</Transform>
</Instance>
<Instance name="Dummy-0013.STEP-1" uid="Dummy-0013.STEP-1" grounded="true" entityUid="Dummy-0013.STEP*:*默认">
<Transform>
<Rotation>-0.99999999999999978 7.0000000000000001e-15 -9.9999999999999811e-16 7.0000000000000001e-15 1.0000000000000002 0 1.0000000000000013e-15 0 -1</Rotation>
<Translation>-0.031999999999999987 0.14600000000000002 0</Translation>
</Transform>
</Instance>
<Instance name="42-40Motor Assembly.STEP-1" uid="42-40Motor Assembly.STEP-1" grounded="true" entityUid="42-40Motor Assembly.STEP" rigid="true">
<Transform>
<Rotation>0 0.99999999999999978 -9.9999999999999811e-16 1.0000000000000002 0 0 0 -1.000000000000002e-15 -1</Rotation>
<Translation>-0.030999999999999993 0.045000000000000005 0</Translation>
</Transform>
<Instance name="Dummy-0019.STEP-1" uid="Dummy-0019.STEP-1" grounded="true" entityUid="Dummy-0019.STEP*:*默认">
<Transform>
<Rotation>1 0 0 0 1 0 0 0 1</Rotation>
<Translation>0 0 0</Translation>
</Transform>
</Instance>
<Instance name="Dummy-0018.STEP-1" uid="Dummy-0018.STEP-1" grounded="true" entityUid="Dummy-0018.STEP*:*默认">
<Transform>
<Rotation>1 0 0 0 1 0 0 0 1</Rotation>
<Translation>0 0 0</Translation>
</Transform>
</Instance>
<Instance name="42-40步进电机.STEP-1" uid="42-40步进电机.STEP-1" grounded="true" entityUid="42-40步进电机.STEP*:*默认">
<Transform>
<Rotation>1 0 0 0 1 0 0 0 1</Rotation>
<Translation>0 0 0</Translation>
</Transform>
</Instance>
</Instance>
<Instance name="TB 同步轮 GPA20GT2060-B-H5.STEP-1" uid="TB 同步轮 GPA20GT2060-B-H5.STEP-1" grounded="true" entityUid="TB 同步轮 GPA20GT2060-B-H5.STEP*:*默认">
<Transform>
<Rotation>0.99999999999999978 0 0 0 0 -1.0000000000000002 0 1 0</Rotation>
<Translation>0.015399999999999995 0.045000000000000005 0</Translation>
</Transform>
</Instance>
<Instance name="Dummy-0009.STEP-1" uid="Dummy-0009.STEP-1" grounded="true" entityUid="Dummy-0009.STEP*:*默认">
<Transform>
<Rotation>1 0 0 0 1 0 0 0 1</Rotation>
<Translation>0 0 0</Translation>
</Transform>
</Instance>
<Instance name="TB 同步轮 GPA20GT2060-A-H5.STEP-2" uid="TB 同步轮 GPA20GT2060-A-H5.STEP-2" grounded="true" entityUid="TB 同步轮 GPA20GT2060-A-H5.STEP*:*默认">
<Transform>
<Rotation>-0.99999999999999978 -7.0000000000000001e-15 9.9999999999999811e-16 7.0000000000000001e-15 -1.0000000000000002 0 1.0000000000000013e-15 0 1</Rotation>
<Translation>-0.04539999999999899 0.14600000000000002 0</Translation>
</Transform>
</Instance>
<Instance name="D字轴 5-30.STEP-1" uid="D字轴 5-30.STEP-1" grounded="true" entityUid="D字轴 5-30.STEP*:*默认">
<Transform>
<Rotation>1 0 0 0 1 0 0 0 1</Rotation>
<Translation>0.0019999999999999992 -5.5884139567000015e-05 0.00021779111805799998</Translation>
</Transform>
</Instance>
<Instance name="TB 同步轮 GPA20GT2060-A-H5.STEP-1" uid="TB 同步轮 GPA20GT2060-A-H5.STEP-1" grounded="true" entityUid="TB 同步轮 GPA20GT2060-A-H5.STEP*:*默认">
<Transform>
<Rotation>1 0 0 0 1 0 0 0 1</Rotation>
<Translation>0.015399999999999997 0 0</Translation>
</Transform>
</Instance>
<Instance name="TB 同步带 GBN1302GT-60.STEP-1" uid="TB 同步带 GBN1302GT-60.STEP-1" grounded="true" entityUid="TB 同步带 GBN1302GT-60.STEP*:*默认">
<Transform>
<Rotation>-7.0000000000000001e-15 0 0.99999999999999978 -1.0000000000000002 0 -7.0000000000000001e-15 0 -1 0</Rotation>
<Translation>-0.04539999999999899 0.14600000000000002 0</Translation>
</Transform>
</Instance>
<Instance name="TB 同步轮 GPA20GT2060-B-H5.STEP-2" uid="TB 同步轮 GPA20GT2060-B-H5.STEP-2" grounded="true" entityUid="TB 同步轮 GPA20GT2060-B-H5.STEP*:*默认">
<Transform>
<Rotation>-0.99999999999999978 9.9999999999999811e-16 7.0000000000000001e-15 7.0000000000000001e-15 0 1.0000000000000002 1.0000000000000013e-15 1 0</Rotation>
<Translation>-0.045399999999999989 0.10100000000000002 0</Translation>
</Transform>
</Instance>
<Instance name="Dummy-0012（外壳）.STEP-2" uid="Dummy-0012（外壳）.STEP-2" grounded="true" entityUid="Dummy-0012（外壳）.STEP*:*默认">
<Transform>
<Rotation>1 0 0 0 1 0 0 0 1</Rotation>
<Translation>0 0 0</Translation>
</Transform>
</Instance>
<Instance name="NSK 轴承 695ZZ.STEP-1" uid="NSK 轴承 695ZZ.STEP-1" grounded="true" entityUid="NSK 轴承 695ZZ.STEP*:*默认">
<Transform>
<Rotation>-9.9999999999999811e-16 7.0000000000000001e-15 0.99999999999999978 0 1.0000000000000002 -7.0000000000000001e-15 -1 0 -1.0000000000000013e-15</Rotation>
<Translation>-0.036999999999998985 0.14600000000000002 0</Translation>
</Transform>
</Instance>
<Instance name="NSK 轴承 695ZZ.STEP-2" uid="NSK 轴承 695ZZ.STEP-2" grounded="true" entityUid="NSK 轴承 695ZZ.STEP*:*默认">
<Transform>
<Rotation>0 0 -0.99999999999999978 0 -1.0000000000000002 0 -1 0 0</Rotation>
<Translation>0.0069999999999999984 0 0</Translation>
</Transform>
</Instance>
<Instance name="42-34Motor Assembly.STEP-1" uid="42-34Motor Assembly.STEP-1" grounded="true" entityUid="42-34Motor Assembly.STEP" rigid="true">
<Transform>
<Rotation>-7.0000000000000001e-15 -0.99999999999999978 -9.9999999999999811e-16 -1.0000000000000002 7.0000000000000001e-15 0 0 1.0000000000000013e-15 -1</Rotation>
<Translation>-0.0049999999999999984 0.10100000000000003 0</Translation>
</Transform>
<Instance name="42-34步进电机.STEP-1" uid="42-34步进电机.STEP-1" grounded="true" entityUid="42-34步进电机.STEP*:*默认">
<Transform>
<Rotation>1 0 0 0 1 0 0 0 1</Rotation>
<Translation>0 0 0</Translation>
</Transform>
</Instance>
<Instance name="Dummy-0018.STEP-1" uid="Dummy-0018.STEP-1" grounded="true" entityUid="Dummy-0018.STEP*:*默认">
<Transform>
<Rotation>1 0 0 0 1 0 0 0 1</Rotation>
<Translation>0 0 0</Translation>
</Transform>
</Instance>
<Instance name="Dummy-0019.STEP-1" uid="Dummy-0019.STEP-1" grounded="true" entityUid="Dummy-0019.STEP*:*默认">
<Transform>
<Rotation>1 0 0 0 1 0 0 0 1</Rotation>
<Translation>0 0 0</Translation>
</Transform>
</Instance>
</Instance>
<Instance name="普赢 减速机 minif-11-50.STEP-2" uid="普赢 减速机 minif-11-50.STEP-2" grounded="true" entityUid="普赢 减速机 minif-11-50.STEP*:*默认">
<Transform>
<Rotation>1 0 0 0 1 0 0 0 1</Rotation>
<Translation>0 -5.5884139567000015e-05 0.00021779111805799998</Translation>
</Transform>
</Instance>
<Instance name="普赢 减速机 minif-11-50.STEP-1" uid="普赢 减速机 minif-11-50.STEP-1" grounded="true" entityUid="普赢 减速机 minif-11-50.STEP*:*默认">
<Transform>
<Rotation>-0.99999999999999978 0 0 0 -1.0000000000000002 0 0 0 1</Rotation>
<Translation>-0.029999999999999992 0.14605588413956702 0.00021779111805799931</Translation>
</Transform>
</Instance>
<Instance name="D字轴 5-30.STEP-2" uid="D字轴 5-30.STEP-2" grounded="true" entityUid="D字轴 5-30.STEP*:*默认">
<Transform>
<Rotation>-0.99999999999999978 -7.0000000000000001e-15 9.9999999999999811e-16 7.0000000000000001e-15 -1.0000000000000002 0 1.0000000000000013e-15 0 1</Rotation>
<Translation>-0.031999999999998988 0.14605588413956702 0.00021779111805799584</Translation>
</Transform>
</Instance>
<Instance name="Dummy-0036.STEP-1" uid="Dummy-0036.STEP-1" grounded="true" entityUid="Dummy-0036.STEP*:*默认">
<Transform>
<Rotation>9.9999999999999811e-16 1.000000000000002e-15 -0.99999999999999978 9.7144514654701197e-16 1.0000000000000002 1.0000000000000005e-15 1 -1.0269562977782698e-15 1.000000000000002e-15</Rotation>
<Translation>0.0043749999999999987 0 0</Translation>
</Transform>
</Instance>
<Instance name="Dummy-0036.STEP-3" uid="Dummy-0036.STEP-3" grounded="true" entityUid="Dummy-0036.STEP*:*默认">
<Transform>
<Rotation>9.9999999999999811e-16 1.000000000000002e-15 -0.99999999999999978 9.7144514654701197e-16 1.0000000000000002 1.0000000000000005e-15 1 -1.0269562977782698e-15 1.000000000000002e-15</Rotation>
<Translation>-0.039624999999999987 0.14600000000000005 1.9984014443252818e-15</Translation>
</Transform>
</Instance>
<Instance name="Dummy-0036.STEP-4" uid="Dummy-0036.STEP-4" grounded="true" entityUid="Dummy-0036.STEP*:*默认">
<Transform>
<Rotation>9.9999999999999811e-16 1.000000000000002e-15 -0.99999999999999978 9.7144514654701197e-16 1.0000000000000002 1.0000000000000005e-15 1 -1.0269562977782698e-15 1.000000000000002e-15</Rotation>
<Translation>0.0096249999999999964 0 0</Translation>
</Transform>
</Instance>
<Instance name="内六角螺丝 M4-16.STEP-2" uid="内六角螺丝 M4-16.STEP-2" grounded="true" entityUid="内六角螺丝 M4-16.STEP*:*默认">
<Transform>
<Rotation>1 0 0 0 -1 6.9944050551384846e-15 0 -6.9944050551384846e-15 -1</Rotation>
<Translation>-0.010499999999999999 -0.017677669529664004 0.017677669529663001</Translation>
</Transform>
</Instance>
<Instance name="内六角螺丝 M4-16.STEP-3" uid="内六角螺丝 M4-16.STEP-3" grounded="true" entityUid="内六角螺丝 M4-16.STEP*:*默认">
<Transform>
<Rotation>-0.99999999999999978 -7.0000000000000001e-15 9.9999999999999811e-16 7.0000000000000001e-15 -1.0000000000000002 0 1.0000000000000013e-15 0 1</Rotation>
<Translation>-0.019499999999999993 0.12832233047033603 -0.017677669529664004</Translation>
</Transform>
</Instance>
<Instance name="内六角螺丝 M4-12.STEP-1" uid="内六角螺丝 M4-12.STEP-1" grounded="true" entityUid="内六角螺丝 M4-12.STEP*:*默认">
<Transform>
<Rotation>1 -4.5447091463191756e-15 5.3240603654882464e-15 -7.0000000000000017e-15 -0.64924416375988203 0.76058005221260661 0 -0.76058005221260661 -0.64924416375988203</Rotation>
<Translation>-0.038999999999998994 0.16367766952966403 -0.017677669529663997</Translation>
</Transform>
</Instance>
<Instance name="内六角螺丝 M4-12.STEP-3" uid="内六角螺丝 M4-12.STEP-3" grounded="true" entityUid="内六角螺丝 M4-12.STEP*:*默认">
<Transform>
<Rotation>0.99999999999999978 5.3052891985318108e-15 -4.6748162017283323e-15 -7.0000000000000001e-15 0.64924416375988669 -0.76058005221260272 -1.0000000000000013e-15 0.76058005221260272 0.64924416375988669</Rotation>
<Translation>-0.038999999999998987 0.128322330470336 0.017677669529663997</Translation>
</Transform>
</Instance>
<Instance name="内六角螺丝 M4-12.STEP-4" uid="内六角螺丝 M4-12.STEP-4" grounded="true" entityUid="内六角螺丝 M4-12.STEP*:*默认">
<Transform>
<Rotation>-1 0 0 0 -0.64924416375988681 0.7605800522126025 0 0.7605800522126025 0.64924416375988681</Rotation>
<Translation>0.0089999999999999959 0.017677669529664004 0.017677669529664</Translation>
</Transform>
</Instance>
<Instance name="内六角螺丝 M4-12.STEP-2" uid="内六角螺丝 M4-12.STEP-2" grounded="true" entityUid="内六角螺丝 M4-12.STEP*:*默认">
<Transform>
<Rotation>-1 0 0 0 0.64924416375988203 -0.76058005221260661 0 -0.76058005221260661 -0.64924416375988203</Rotation>
<Translation>0.0089999999999999959 -0.017677669529664007 -0.017677669529664</Translation>
</Transform>
</Instance>
<Instance name="平垫片 M3.STEP-1" uid="平垫片 M3.STEP-1" grounded="true" entityUid="平垫片 M3.STEP*:*默认">
<Transform>
<Rotation>0 0 -1 -6.9944050551384846e-15 -1 0 -1 6.9944050551384846e-15 0</Rotation>
<Translation>0.0049999999999999984 0.060500000000000019 0.0155</Translation>
</Transform>
</Instance>
<Instance name="平垫片 M3.STEP-2" uid="平垫片 M3.STEP-2" grounded="true" entityUid="平垫片 M3.STEP*:*默认">
<Transform>
<Rotation>-6.9999999999999986e-15 -9.9999999999999791e-16 1 -1 2.997602166487929e-15 -6.9999999999999954e-15 -2.9976021664879219e-15 -1 -1.0000000000000188e-15</Rotation>
<Translation>-0.034999999999999989 0.11650000000000003 0.0155</Translation>
</Transform>
</Instance>
<Instance name="平垫片 M3.STEP-3" uid="平垫片 M3.STEP-3" grounded="true" entityUid="平垫片 M3.STEP*:*默认">
<Transform>
<Rotation>0 -7.0000000000000001e-15 0.99999999999999978 0 -1.0000000000000002 -7.0000000000000001e-15 1 0 0</Rotation>
<Translation>-0.034999999999999989 0.11650000000000005 -0.015500000000000002</Translation>
</Transform>
</Instance>
<Instance name="内六角螺丝 M4-16.STEP-4" uid="内六角螺丝 M4-16.STEP-4" grounded="true" entityUid="内六角螺丝 M4-16.STEP*:*默认">
<Transform>
<Rotation>1 0 0 0 1 0 0 0 1</Rotation>
<Translation>-0.010499999999999995 0.017677669529664007 -0.017677669529663997</Translation>
</Transform>
</Instance>
<Instance name="内六角螺丝 M3-45.STEP-2" uid="内六角螺丝 M3-45.STEP-2" grounded="true" entityUid="内六角螺丝 M3-45.STEP*:*默认">
<Transform>
<Rotation>0.99999999999999978 0 0 0 9.9920072216264089e-15 -1.0000000000000002 0 1 1.0019762797242038e-14</Rotation>
<Translation>-0.051399999999999987 0.060500000000000019 -0.0155</Translation>
</Transform>
</Instance>
<Instance name="内六角螺丝 M3-40.STEP-1" uid="内六角螺丝 M3-40.STEP-1" grounded="true" entityUid="内六角螺丝 M3-40.STEP*:*默认">
<Transform>
<Rotation>-0.99999999999999978 9.999999999999985e-16 7.0000000000000001e-15 7.0000000000000001e-15 -1.0019762797242038e-14 1.0000000000000002 1.0000000000000013e-15 1 9.9920072216264089e-15</Rotation>
<Translation>0.015399999999999997 0.085500000000000034 -0.015500000000000002</Translation>
</Transform>
</Instance>
<Instance name="平垫片 M3.STEP-7" uid="平垫片 M3.STEP-7" grounded="true" entityUid="平垫片 M3.STEP*:*默认">
<Transform>
<Rotation>7.0000000000000001e-15 9.999999999999985e-16 0.99999999999999978 1.0000000000000002 -1.0019762797242038e-14 -7.0000000000000001e-15 9.9920072216264089e-15 1 -1.0000000000000013e-15</Rotation>
<Translation>-0.034999999999999989 0.085500000000000034 -0.0155</Translation>
</Transform>
</Instance>
<Instance name="内六角螺丝 M3 x 10.STEP-1" uid="内六角螺丝 M3 x 10.STEP-1" grounded="true" entityUid="内六角螺丝 M3 x 10.STEP*:*默认">
<Transform>
<Rotation>0 -7.0000000000000001e-15 0.99999999999999978 0 -1.0000000000000002 -7.0000000000000001e-15 1 0 0</Rotation>
<Translation>-0.025499999999999991 0.11650000000000003 -0.015500000000000002</Translation>
</Transform>
</Instance>
<Instance name="内六角螺丝 M3-45.STEP-3" uid="内六角螺丝 M3-45.STEP-3" grounded="true" entityUid="内六角螺丝 M3-45.STEP*:*默认">
<Transform>
<Rotation>1 0 0 0 1 0 0 0 1</Rotation>
<Translation>-0.051399999999999987 0.029500000000000005 -0.0155</Translation>
</Transform>
</Instance>
<Instance name="内六角螺丝 M3 x 10.STEP-7" uid="内六角螺丝 M3 x 10.STEP-7" grounded="true" entityUid="内六角螺丝 M3 x 10.STEP*:*默认">
<Transform>
<Rotation>-6.9999999999999986e-15 -9.9999999999999791e-16 1 -1 2.997602166487929e-15 -6.9999999999999954e-15 -2.9976021664879219e-15 -1 -1.0000000000000188e-15</Rotation>
<Translation>-0.025499999999999995 0.11650000000000003 0.015499999999999998</Translation>
</Transform>
</Instance>
<Instance name="内六角螺丝 M3 x 10.STEP-4" uid="内六角螺丝 M3 x 10.STEP-4" grounded="true" entityUid="内六角螺丝 M3 x 10.STEP*:*默认">
<Transform>
<Rotation>0 0 -0.99999999999999978 1.0000000000000002 -2.9976021664879227e-15 0 -2.9976021664879227e-15 -1 0</Rotation>
<Translation>-0.0044999999999999979 0.029500000000000002 0.0155</Translation>
</Transform>
</Instance>
<Instance name="内六角螺丝 M3 x 10.STEP-5" uid="内六角螺丝 M3 x 10.STEP-5" grounded="true" entityUid="内六角螺丝 M3 x 10.STEP*:*默认">
<Transform>
<Rotation>0 0 -1 -6.9944050551384846e-15 -1 0 -1 6.9944050551384846e-15 0</Rotation>
<Translation>-0.0044999999999999979 0.060500000000000019 0.0155</Translation>
</Transform>
</Instance>
<Instance name="内六角螺丝 M3-40.STEP-2" uid="内六角螺丝 M3-40.STEP-2" grounded="true" entityUid="内六角螺丝 M3-40.STEP*:*默认">
<Transform>
<Rotation>-0.99999999999999978 -7.0000000000000001e-15 9.9999999999999811e-16 7.0000000000000001e-15 -1.0000000000000002 0 1.0000000000000013e-15 0 1</Rotation>
<Translation>0.015399999999999997 0.11650000000000005 -0.0155</Translation>
</Transform>
</Instance>
<Instance name="内六角螺丝 M3-40.STEP-3" uid="内六角螺丝 M3-40.STEP-3" grounded="true" entityUid="内六角螺丝 M3-40.STEP*:*默认">
<Transform>
<Rotation>-1 -9.9999999999998055e-16 -7.0000000000000049e-15 7.0000000000000017e-15 2.9976021664879219e-15 -1 1.0000000000000015e-15 -1 -2.9976021664879148e-15</Rotation>
<Translation>0.015399999999999997 0.11650000000000003 0.0155</Translation>
</Transform>
</Instance>
<Instance name="平垫片 M3.STEP-4" uid="平垫片 M3.STEP-4" grounded="true" entityUid="平垫片 M3.STEP*:*默认">
<Transform>
<Rotation>0 0 -0.99999999999999978 -1.0000000000000002 9.9920072216264089e-15 0 1.0019762797242038e-14 1 0</Rotation>
<Translation>0.0049999999999999984 0.060500000000000019 -0.0155</Translation>
</Transform>
</Instance>
<Instance name="内六角螺丝 M3 x 10.STEP-6" uid="内六角螺丝 M3 x 10.STEP-6" grounded="true" entityUid="内六角螺丝 M3 x 10.STEP*:*默认">
<Transform>
<Rotation>-9.999999999999985e-16 6.9999999999999986e-15 0.99999999999999989 7.0221606307541151e-15 1 -6.9999999999999907e-15 -0.99999999999999989 7.0221606307541088e-15 -1.0000000000000476e-15</Rotation>
<Translation>-0.025499999999999995 0.085500000000000034 0.015500000000000002</Translation>
</Transform>
</Instance>
<Instance name="平垫片 M3.STEP-8" uid="平垫片 M3.STEP-8" grounded="true" entityUid="平垫片 M3.STEP*:*默认">
<Transform>
<Rotation>0 0 -0.99999999999999978 0 1.0000000000000002 0 1 0 0</Rotation>
<Translation>0.0049999999999999984 0.029500000000000009 -0.0155</Translation>
</Transform>
</Instance>
<Instance name="平垫片 M3.STEP-6" uid="平垫片 M3.STEP-6" grounded="true" entityUid="平垫片 M3.STEP*:*默认">
<Transform>
<Rotation>0 0 -0.99999999999999978 1.0000000000000002 -2.9976021664879227e-15 0 -2.9976021664879227e-15 -1 0</Rotation>
<Translation>0.0049999999999999984 0.029500000000000009 0.015500000000000002</Translation>
</Transform>
</Instance>
<Instance name="平垫片 M3.STEP-5" uid="平垫片 M3.STEP-5" grounded="true" entityUid="平垫片 M3.STEP*:*默认">
<Transform>
<Rotation>-9.999999999999985e-16 6.9999999999999986e-15 0.99999999999999989 7.0221606307541151e-15 1 -6.9999999999999907e-15 -0.99999999999999989 7.0221606307541088e-15 -1.0000000000000476e-15</Rotation>
<Translation>-0.034999999999999989 0.085500000000000048 0.0155</Translation>
</Transform>
</Instance>
<Instance name="内六角螺丝 M3 x 10.STEP-3" uid="内六角螺丝 M3 x 10.STEP-3" grounded="true" entityUid="内六角螺丝 M3 x 10.STEP*:*默认">
<Transform>
<Rotation>7.0000000000000001e-15 9.999999999999985e-16 0.99999999999999978 1.0000000000000002 -1.0019762797242038e-14 -7.0000000000000001e-15 9.9920072216264089e-15 1 -1.0000000000000013e-15</Rotation>
<Translation>-0.025499999999999991 0.085500000000000034 -0.015500000000000003</Translation>
</Transform>
</Instance>
<Instance name="内六角螺丝 M3 x 10.STEP-8" uid="内六角螺丝 M3 x 10.STEP-8" grounded="true" entityUid="内六角螺丝 M3 x 10.STEP*:*默认">
<Transform>
<Rotation>0 0 -0.99999999999999978 0 1.0000000000000002 0 1 0 0</Rotation>
<Translation>-0.0044999999999999979 0.029500000000000005 -0.0155</Translation>
</Transform>
</Instance>
<Instance name="内六角螺丝 M3 x 10.STEP-2" uid="内六角螺丝 M3 x 10.STEP-2" grounded="true" entityUid="内六角螺丝 M3 x 10.STEP*:*默认">
<Transform>
<Rotation>0 0 -0.99999999999999978 -1.0000000000000002 9.9920072216264089e-15 0 1.0019762797242038e-14 1 0</Rotation>
<Translation>-0.0044999999999999979 0.060500000000000019 -0.0155</Translation>
</Transform>
</Instance>
<Instance name="内六角螺丝 M3-45.STEP-1" uid="内六角螺丝 M3-45.STEP-1" grounded="true" entityUid="内六角螺丝 M3-45.STEP*:*默认">
<Transform>
<Rotation>1 0 0 0 -1 -6.994405055138483e-15 0 6.994405055138483e-15 -1</Rotation>
<Translation>-0.051399999999999987 0.060500000000000019 0.015500000000000002</Translation>
</Transform>
</Instance>
<Instance name="内六角螺丝 M3-45.STEP-4" uid="内六角螺丝 M3-45.STEP-4" grounded="true" entityUid="内六角螺丝 M3-45.STEP*:*默认">
<Transform>
<Rotation>0.99999999999999978 0 0 0 -2.9976021664879227e-15 1.0000000000000002 0 -1 -2.9976021664879227e-15</Rotation>
<Translation>-0.051399999999999987 0.029500000000000012 0.0155</Translation>
</Transform>
</Instance>
<Instance name="内六角螺丝 M3-40.STEP-4" uid="内六角螺丝 M3-40.STEP-4" grounded="true" entityUid="内六角螺丝 M3-40.STEP*:*默认">
<Transform>
<Rotation>-1 7.0000000000000088e-15 -9.9999999999995255e-16 7.0000000000000017e-15 1 6.9944050551384917e-15 1.0000000000000015e-15 6.9944050551384846e-15 -1</Rotation>
<Translation>0.015399999999999999 0.085500000000000048 0.015500000000000003</Translation>
</Transform>
</Instance>
</Instance>
<Instance name="J4.STEP-1" uid="J4.STEP-1" entityUid="J4.STEP" rigid="true">
<Transform>
<Rotation>-3.3972916518440481e-15 -0.69874796723882249 0.71536793210180594 1 7.1916374585051424e-15 1.1773568997351233e-14 -1.337142422116191e-14 0.71536793210180594 0.69874796723882249</Rotation>
<Translation>0.082512204936956754 8.4766514216425973e-16 0.040247522291056423</Translation>
</Transform>
<Instance name="普赢 减速机 minif-11-50.STEP-1" uid="普赢 减速机 minif-11-50.STEP-1" grounded="true" entityUid="普赢 减速机 minif-11-50.STEP*:*默认">
<Transform>
<Rotation>0 -1 0 0 0 1 -1 0 0</Rotation>
<Translation>-0.014944115860433 0.19821779111805812 -0.017499999999999988</Translation>
</Transform>
</Instance>
<Instance name="内六角螺丝 M3 x 14.STEP-1" uid="内六角螺丝 M3 x 14.STEP-1" grounded="true" entityUid="内六角螺丝 M3 x 14.STEP*:*默认">
<Transform>
<Rotation>0 -9.9999999999999534e-16 -1 6.994405055138483e-15 -1 9.9999999999999534e-16 -1 -6.994405055138483e-15 0</Rotation>
<Translation>-0.0044999999999999997 0.13712323961120906 0.0051250000000000046</Translation>
</Transform>
</Instance>
<Instance name="内六角螺丝 M3 x 14.STEP-3" uid="内六角螺丝 M3 x 14.STEP-3" grounded="true" entityUid="内六角螺丝 M3 x 14.STEP*:*默认">
<Transform>
<Rotation>0 0 -1 0.86602540378443316 0.5000000000000101 0 0.5000000000000101 -0.86602540378443316 0</Rotation>
<Translation>-0.0044999999999999997 0.14600000000000005 -0.010250000000000023</Translation>
</Transform>
</Instance>
<Instance name="内六角螺丝 M3 x 14.STEP-5" uid="内六角螺丝 M3 x 14.STEP-5" grounded="true" entityUid="内六角螺丝 M3 x 14.STEP*:*默认">
<Transform>
<Rotation>0 0 -1.0000000000000002 -0.86602540378443882 0.49999999999999989 0 0.49999999999999989 0.86602540378443882 0</Rotation>
<Translation>-0.0045000000000000005 0.15487676038879108 0.0051250000000000046</Translation>
</Transform>
</Instance>
<Instance name="内六角螺丝 M3 x 14.STEP-6" uid="内六角螺丝 M3 x 14.STEP-6" grounded="true" entityUid="内六角螺丝 M3 x 14.STEP*:*默认">
<Transform>
<Rotation>0 0 -1 0 1 0 1 0 0</Rotation>
<Translation>-0.0045000000000000005 0.15487676038879108 -0.0051250000000000184</Translation>
</Transform>
</Instance>
<Instance name="35-28Motor Assembly.STEP-1" uid="35-28Motor Assembly.STEP-1" grounded="true" entityUid="35-28Motor Assembly.STEP" rigid="true">
<Transform>
<Rotation>-1 0 0 0 -1 0 0 0 1</Rotation>
<Translation>-0.014999999999999999 0.19800000000000009 -0.071000000000000049</Translation>
</Transform>
<Instance name="35Motor Driver.STEP-1" uid="35Motor Driver.STEP-1" grounded="true" entityUid="35Motor Driver.STEP" rigid="true">
<Transform>
<Rotation>1 0 0 0 1 0 0 0 1</Rotation>
<Translation>0 0 0</Translation>
</Transform>
<Instance name="Dummy-0020.STEP-1" uid="Dummy-0020.STEP-1" grounded="true" entityUid="Dummy-0020.STEP*:*默认">
<Transform>
<Rotation>1 0 0 0 1 0 0 0 1</Rotation>
<Translation>0 0 0</Translation>
</Transform>
</Instance>
<Instance name="Dummy-0021.STEP-1" uid="Dummy-0021.STEP-1" grounded="true" entityUid="Dummy-0021.STEP*:*默认">
<Transform>
<Rotation>1 0 0 0 1 0 0 0 1</Rotation>
<Translation>0 0 0</Translation>
</Transform>
</Instance>
</Instance>
<Instance name="35-28步进电机.STEP-1" uid="35-28步进电机.STEP-1" grounded="true" entityUid="35-28步进电机.STEP*:*默认">
<Transform>
<Rotation>1 0 0 0 1 0 0 0 1</Rotation>
<Translation>0 0 0</Translation>
</Transform>
</Instance>
</Instance>
<Instance name="内六角螺丝 M3-40.STEP-2" uid="内六角螺丝 M3-40.STEP-2" grounded="true" entityUid="内六角螺丝 M3-40.STEP*:*默认">
<Transform>
<Rotation>0 0 -1 0 1 0 1 0 0</Rotation>
<Translation>-0.0019999999999999996 0.2110000000000001 -0.061900000000000052</Translation>
</Transform>
</Instance>
<Instance name="内六角螺丝 M3 x 14.STEP-4" uid="内六角螺丝 M3 x 14.STEP-4" grounded="true" entityUid="内六角螺丝 M3 x 14.STEP*:*默认">
<Transform>
<Rotation>0 0 -1.0000000000000002 -0.8660254037844386 -0.50000000000000033 0 -0.50000000000000033 0.8660254037844386 0</Rotation>
<Translation>-0.0044999999999999997 0.14600000000000007 0.010250000000000009</Translation>
</Transform>
</Instance>
<Instance name="内六角螺丝 M3 x 14.STEP-2" uid="内六角螺丝 M3 x 14.STEP-2" grounded="true" entityUid="内六角螺丝 M3 x 14.STEP*:*默认">
<Transform>
<Rotation>0 0 -1 0.86602540378444337 -0.49999999999999234 0 -0.49999999999999234 -0.86602540378444337 0</Rotation>
<Translation>-0.0045000000000000005 0.13712323961120906 -0.0051250000000000323</Translation>
</Transform>
</Instance>
<Instance name="内六角螺丝 M4-16.STEP-1" uid="内六角螺丝 M4-16.STEP-1" grounded="true" entityUid="内六角螺丝 M4-16.STEP*:*默认">
<Transform>
<Rotation>0 0 1 0 1 0 -1 0 0</Rotation>
<Translation>-0.032677669529664 0.21567766952966311 -0.0025000000000000022</Translation>
</Transform>
</Instance>
<Instance name="内六角螺丝 M3-40.STEP-1" uid="内六角螺丝 M3-40.STEP-1" grounded="true" entityUid="内六角螺丝 M3-40.STEP*:*默认">
<Transform>
<Rotation>0 0 -1 0 1 0 1 0 0</Rotation>
<Translation>-0.028000000000000001 0.18500000000000011 -0.06190000000000008</Translation>
</Transform>
</Instance>
<Instance name="内六角螺丝 M4-16.STEP-2" uid="内六角螺丝 M4-16.STEP-2" grounded="true" entityUid="内六角螺丝 M4-16.STEP*:*默认">
<Transform>
<Rotation>0 -6.9999999999999938e-15 -1 -9.4368957093138266e-16 -1 6.9999999999999938e-15 -1 9.4368957093138266e-16 0</Rotation>
<Translation>0.0026776695296640003 0.18032233047033611 -0.0024999999999999745</Translation>
</Transform>
</Instance>
<Instance name="Dummy-0022.STEP-1" uid="Dummy-0022.STEP-1" grounded="true" entityUid="Dummy-0022.STEP*:*默认">
<Transform>
<Rotation>1 0 0 0 1 0 0 0 1</Rotation>
<Translation>0 0 0</Translation>
</Transform>
</Instance>
<Instance name="内六角螺丝 M4-16.STEP-3" uid="内六角螺丝 M4-16.STEP-3" grounded="true" entityUid="内六角螺丝 M4-16.STEP*:*默认">
<Transform>
<Rotation>0 1 -3.0000000000000061e-15 0 -3.0000000000000061e-15 -1 -1 0 0</Rotation>
<Translation>0.0026776695296640003 0.21567766952966314 -0.0024999999999999745</Translation>
</Transform>
</Instance>
<Instance name="Dummy-0008.STEP-1" uid="Dummy-0008.STEP-1" grounded="true" entityUid="Dummy-0008.STEP*:*默认">
<Transform>
<Rotation>-1 0 0 0 1 0 0 0 -1</Rotation>
<Translation>-0.029999999999999999 0 0</Translation>
</Transform>
</Instance>
<Instance name="内六角螺丝 M3-35.STEP-1" uid="内六角螺丝 M3-35.STEP-1" grounded="true" entityUid="内六角螺丝 M3-35.STEP*:*默认">
<Transform>
<Rotation>0 0 -1 0 1 0 1 0 0</Rotation>
<Translation>-0.0019999999999999996 0.18500000000000008 -0.061900000000000038</Translation>
</Transform>
</Instance>
<Instance name="内六角螺丝 M4-16.STEP-4" uid="内六角螺丝 M4-16.STEP-4" grounded="true" entityUid="内六角螺丝 M4-16.STEP*:*默认">
<Transform>
<Rotation>-9.9999999999998903e-16 -1 1.0000000000000008e-14 0 1.0000000000000008e-14 1 -1 9.9999999999998903e-16 0</Rotation>
<Translation>-0.032677669529664 0.18032233047033611 -0.0025000000000000022</Translation>
</Transform>
</Instance>
<Instance name="内六角螺丝 M3-35.STEP-2" uid="内六角螺丝 M3-35.STEP-2" grounded="true" entityUid="内六角螺丝 M3-35.STEP*:*默认">
<Transform>
<Rotation>0 0 -1 0 1 0 1 0 0</Rotation>
<Translation>-0.028000000000000001 0.21100000000000008 -0.061900000000000052</Translation>
</Transform>
</Instance>
</Instance>
<Instance name="J6.STEP-1" uid="J6.STEP-1" entityUid="J6.STEP" rigid="true">
<Transform>
<Rotation>0.18119960749000244 0.34277895650364865 0.92177507518034951 0.96579134720640691 0.11477997711069039 -0.23253522424721573 -0.185509503548208 0.93237768304091206 -0.31025486339549646</Rotation>
<Translation>-0.13592401684008965 0.0016417037346354295 0.10944773160215045</Translation>
</Transform>
<Instance name="内六角螺丝 M3-25.STEP-4" uid="内六角螺丝 M3-25.STEP-4" grounded="true" entityUid="内六角螺丝 M3-25.STEP*:*默认">
<Transform>
<Rotation>0 -0.38304900806323799 -0.923728021347068 1.6653345369377348e-16 0.92372802134706822 -0.38304900806323805 1 0 0</Rotation>
<Translation>-0.0020000000000000018 0.18500000000000008 0.1321</Translation>
</Transform>
</Instance>
<Instance name="内六角螺丝 M3-5.STEP-2" uid="内六角螺丝 M3-5.STEP-2" grounded="true" entityUid="内六角螺丝 M3-5.STEP*:*默认">
<Transform>
<Rotation>0 0 1 -1.6653345369377348e-16 1 0 -1 -1.6653345369377365e-16 0</Rotation>
<Translation>-0.028000000000000011 0.18500000000000014 0.16850000000000004</Translation>
</Transform>
</Instance>
<Instance name="35-20Motor Assembly-1.STEP-1" uid="35-20Motor Assembly-1.STEP-1" grounded="true" entityUid="35-20Motor Assembly-1.STEP" rigid="true">
<Transform>
<Rotation>1.0075273948473291e-14 1 0 -1 1.0075273948473291e-14 -1.1102230246251595e-16 -1.110223024625156e-16 0 1</Rotation>
<Translation>-0.014999999999999999 0.19800000000000009 0.12400000000000003</Translation>
</Transform>
<Instance name="35Motor Driver-2.STEP-1" uid="35Motor Driver-2.STEP-1" grounded="true" entityUid="35Motor Driver-2.STEP" rigid="true">
<Transform>
<Rotation>1 0 0 0 1 0 0 0 1</Rotation>
<Translation>0 0 -0.0014999999999999875</Translation>
</Transform>
<Instance name="Dummy-0020.STEP-1" uid="Dummy-0020.STEP-1" grounded="true" entityUid="Dummy-0020.STEP*:*默认">
<Transform>
<Rotation>1 0 0 0 1 0 0 0 1</Rotation>
<Translation>0 0 0</Translation>
</Transform>
</Instance>
<Instance name="Dummy-0021.STEP-1" uid="Dummy-0021.STEP-1" grounded="true" entityUid="Dummy-0021.STEP*:*默认">
<Transform>
<Rotation>1 0 0 0 1 0 0 0 1</Rotation>
<Translation>0 0 0</Translation>
</Transform>
</Instance>
</Instance>
<Instance name="35-20步进电机.STEP-1" uid="35-20步进电机.STEP-1" grounded="true" entityUid="35-20步进电机.STEP*:*默认">
<Transform>
<Rotation>1 0 0 0 1 0 0 0 1</Rotation>
<Translation>0 0 -0.0080000000000000071</Translation>
</Transform>
</Instance>
</Instance>
<Instance name="内六角螺丝 M3-8.STEP-1" uid="内六角螺丝 M3-8.STEP-1" grounded="true" entityUid="内六角螺丝 M3-8.STEP*:*默认">
<Transform>
<Rotation>1 0 0 0 1 0 0 0 1</Rotation>
<Translation>-0.039000000000000007 0.19237083487540105 0.10375000000000002</Translation>
</Transform>
</Instance>
<Instance name="内六角螺丝 M3-5.STEP-1" uid="内六角螺丝 M3-5.STEP-1" grounded="true" entityUid="内六角螺丝 M3-5.STEP*:*默认">
<Transform>
<Rotation>0 0 1 -1.6653345369377348e-16 1 0 -1 -1.6653345369377365e-16 0</Rotation>
<Translation>-0.0020000000000000018 0.21100000000000005 0.16850000000000007</Translation>
</Transform>
</Instance>
<Instance name="内六角螺丝 M3-25.STEP-3" uid="内六角螺丝 M3-25.STEP-3" grounded="true" entityUid="内六角螺丝 M3-25.STEP*:*默认">
<Transform>
<Rotation>0 -0.38304900806323799 -0.923728021347068 1.6653345369377348e-16 0.92372802134706822 -0.38304900806323805 1 0 0</Rotation>
<Translation>-0.028000000000000011 0.21100000000000016 0.1321</Translation>
</Transform>
</Instance>
<Instance name="内六角螺丝 M3-8.STEP-2" uid="内六角螺丝 M3-8.STEP-2" grounded="true" entityUid="内六角螺丝 M3-8.STEP*:*默认">
<Transform>
<Rotation>1 0 0 0 1 0 0 0 1</Rotation>
<Translation>-0.038999999999999993 0.19800000000000009 0.11350000000000006</Translation>
</Transform>
</Instance>
<Instance name="内六角螺丝 M3-8.STEP-3" uid="内六角螺丝 M3-8.STEP-3" grounded="true" entityUid="内六角螺丝 M3-8.STEP*:*默认">
<Transform>
<Rotation>1 0 0 0 1 0 0 0 1</Rotation>
<Translation>-0.039000000000000021 0.20362916512459903 0.10375000000000002</Translation>
</Transform>
</Instance>
<Instance name="内六角螺丝 M3-25.STEP-1" uid="内六角螺丝 M3-25.STEP-1" grounded="true" entityUid="内六角螺丝 M3-25.STEP*:*默认">
<Transform>
<Rotation>0 -0.38304900806323799 -0.923728021347068 1.6653345369377348e-16 0.92372802134706822 -0.38304900806323805 1 0 0</Rotation>
<Translation>-0.0020000000000000087 0.21100000000000005 0.13210000000000002</Translation>
</Transform>
</Instance>
<Instance name="内六角螺丝 M3-25.STEP-2" uid="内六角螺丝 M3-25.STEP-2" grounded="true" entityUid="内六角螺丝 M3-25.STEP*:*默认">
<Transform>
<Rotation>0 -0.38304900806323799 -0.923728021347068 1.6653345369377348e-16 0.92372802134706822 -0.38304900806323805 1 0 0</Rotation>
<Translation>-0.028000000000000011 0.18500000000000011 0.1321</Translation>
</Transform>
</Instance>
<Instance name="Dummy-0003.STEP-1" uid="Dummy-0003.STEP-1" grounded="true" entityUid="Dummy-0003.STEP*:*默认">
<Transform>
<Rotation>1 0 0 0 1 0 0 0 1</Rotation>
<Translation>0.0050000000000000044 0 0</Translation>
</Transform>
</Instance>
</Instance>
<Instance name="BASE Moudle-普赢.STEP-2" uid="BASE Moudle-普赢.STEP-2" grounded="true" entityUid="BASE Moudle-普赢.STEP" rigid="true">
<Transform>
<Rotation>-3.4914813388431334e-15 3.4914813388430844e-15 1 1 1.3965925355372546e-14 3.4914813388430844e-15 -1.3965925355372533e-14 1 -3.4914813388431334e-15</Rotation>
<Translation>0 0 0</Translation>
</Transform>
<Instance name="内六角螺丝 M4-16.STEP-1" uid="内六角螺丝 M4-16.STEP-1" grounded="true" entityUid="内六角螺丝 M4-16.STEP*:*默认">
<Transform>
<Rotation>0 1 0 -1 0 0 0 0 1</Rotation>
<Translation>0.0028168366459339999 -0.049000000000000002 -0.017333071619251999</Translation>
</Transform>
</Instance>
<Instance name="内六角螺丝 M4-12.STEP-1" uid="内六角螺丝 M4-12.STEP-1" grounded="true" entityUid="内六角螺丝 M4-12.STEP*:*默认">
<Transform>
<Rotation>0 -1 0 1 0 0 0 0 1</Rotation>
<Translation>0.0275 -0.1245 -0.062499999999999993</Translation>
</Transform>
</Instance>
<Instance name="内六角螺丝 M4-12.STEP-4" uid="内六角螺丝 M4-12.STEP-4" grounded="true" entityUid="内六角螺丝 M4-12.STEP*:*默认">
<Transform>
<Rotation>0 -1 0 1 0 0 0 0 1</Rotation>
<Translation>-0.057500000000000002 -0.1245 -0.0074999999999999997</Translation>
</Transform>
</Instance>
<Instance name="控制器.STEP-1" uid="控制器.STEP-1" grounded="true" entityUid="控制器.STEP" rigid="true">
<Transform>
<Rotation>-1 0 0 0 0 1 0 1 0</Rotation>
<Translation>-0.014999999999999999 -0.118499998480081 -0.035999999999999997</Translation>
</Transform>
